28090
16783
71223
74932
63513
21026
34468
68694
54751
98044
23984
03055
65683
26814
84277
26031
60452
77272
28036
47809
27393
23227
42935
09720
61191
33278
93040
49408
93892
91865
18083
83500
86865
35531
18790
42773
44211
80112
01713
21540
53110
61643
91708
19230
69697
31930
92969
14740
66494
06702
49419
99162
68327
38932
03612
87138
94405
05322
20425
93006
53603
62412
03339
09502
50596
32142
44152
15116
19395
67797
74471
03648
27709
32392
34665
09214
82111
05101
28182
99041
68950
49040
33001
32580
22487
64552
38358
13055
70947
17109
60423
83496
42825
02056
27201
25507
91387
64206
52175
25036
51123
75555
41928
29988
87238
67466
95458
56901
68265
72754
55518
88029
60613
14846
51510
25817
13550
52658
31874
25688
52725
36479
41301
06284
13474
36621
31761
02845
00900
01927
52584
64918
21398
12074
71916
44696
83267
78934
60781
49170
05918
02439
61773
57106
32066
09050
41666
12980
43089
04129
89749
69412
75554
19876
70173
27908
01756
37311
28209
55360
23166
82141
87794
87667
62166
56063
32906
21235
82457
36758
63184
35779
52316
56248
19521
02991
94926
09130
67532
76999
59707
86808
21964
14230
69761
34493
26925
03377
49386
84256
08304
81993
79398
90703
38382
45039
13876
33143
16920
87184
37423
85348
09225
47590
71034
04862
26510
75445
54556
45856
16852
94652
06483
20578
61378
48450
90476
29662
57531
32705
96681
73303
88276
58419
80455
85656
00431
84197
93245
30280
12598
11716
73072
54104
33675
45175
94326
40902
47540
86579
91010
70083
30848
63676
94621
21988
49031
12925
60157
34824
75537
65931
34700
53881
90509
13991
58258
25189
55723
11371
78007
80778
04772
96467
66468
47402
14265
92306
85729
42410
57413
12243
71685
22879
03804
53568
97750
11313
48183
73860
97202
65558
40890
66524
20423
34039
92741
32369
17384
22895
79856
12642
14039
40899
88616
57033
66005
16410
21384
39108
51629
28455
20750
75402
43705
17453
17038
59166
55448
57580
21967
65124
00225
87292
22286
50298
88492
20393
05782
97367
95922
27502
49698
99638
13303
18768
57368
35434
52630
69024
01180
38973
61608
36943
19767
69689
65862
09908
80095
39764
84932
20673
66482
20055
49992
35000
37432
21963
91596
58981
49810
82401
51254
14578
99493
43456
46412
54302
98171
23254
33124
34388
18858
38774
67668
77592
50542
79703
29031
62542
29378
16922
26037
75943
80234
74613
69791
15271
01969
61404
13879
46319
21403
72120
89722
30159
37168
21521
52488
95468
23691
16258
36387
07283
48749
77918
08795
22156
97119
16118
87665
07344
57779
04473
66869
88801
42608
83599
98844
46095
54011
86931
38574
22077
26845
72662
66561
87864
89084
59799
96696
86956
67362
46091
05366
07178
04298
39168
99185
33347
50106
39025
28242
64775
46224
57454
98639
03450
71919
43312
76187
08510
76843
34889
76630
96450
90451
10788
77583
76169
74685
03398
06647
43293
21446
43613
91205
62241
86564
81582
86396
30724
41786
95059
53142
41131
29547
22050
40040
37744
07711
87362
03571
68526
55531
94698
20198
54138
24793
03748
99361
00240
67066
59246
47094
35554
29988
80309
08910
53912
14940
71175
88104
51391
44677
12366
38697
39671
05584
58893
13819
23606
97512
64551
75450
61289
97173
77498
12426
91019
25182
15797
86006
46338
84951
65881
12744
14911
36266
89885
87007
55573
29843
16990
83769
36155
28810
71309
07841
02307
09007
24052
66710
29089
03868
69048
64868
40461
99985
41700
04058
90650
98902
49239
90928
55813
76822
44396
78558
00824
59407
48678
97139
81229
51093
90051
11289
25256
86717
36582
31109
26091
55345
87576
20448
00395
60471
47895
35883
44060
49595
28269
30475
35590
60033
85633
50525
60293
89066
87819
20265
63948
01201
03041
20214
30373
75095
37825
61751
95792
43144
09670
28606
38206
10602
24216
99140
80902
83826
36832
